0 0 9
0 1 9
0 2 9
0 3 9
0 4 9
0 5 9
0 6 9
0 7 9
0 8 9
0 9 9
0 10 9
0 11 9
0 12 9
0 13 9
0 14 9
0 15 9
0 16 9
0 17 9
0 18 9
1 0 9
2 0 9
3 0 9
4 0 9
5 0 9
6 0 9
7 0 9
8 0 9
9 0 9
10 0 9
11 0 9
12 0 9
12 1 9
12 2 9
12 3 9
12 4 9
12 5 9
12 6 9
12 7 9
12 8 9
12 9 9
12 10 9
12 11 9
12 12 9
12 13 9
12 14 9
12 15 9
12 16 9
12 17 9
12 18 9
11 18 9
10 18 9
9 18 9
8 18 9
7 18 9
6 18 9
5 18 9
4 18 9
3 18 9
2 18 9
1 18 9
2 2 9
2 4 9
2 6 9
2 8 9
2 10 9
2 12 9
2 14 9
2 16 9
4 2 9
4 4 9
4 6 9
4 8 9
4 10 9
4 12 9
4 14 9
4 16 9
6 2 9
6 4 9
6 6 9
6 8 9
6 10 9
6 12 9
6 14 9
6 16 9
8 2 9
8 4 9
8 6 9
8 8 9
8 10 9
8 12 9
8 14 9
8 16 9
10 2 9
10 4 9
10 6 9
10 8 9
10 10 9
10 12 9
10 14 9
10 16 9
1 2 1
1 3 1
3 2 1
3 3 1
5 1 1
5 2 1
8 3 1
10 5 1
11 6 1
11 7 1
2 5 1
3 5 1
5 6 1
5 8 1
5 9 1
3 9 1
3 10 1
7 8 1
1 13 1
2 15 1
3 14 1
4 13 1
4 11 1
5 11 1
7 12 1
7 14 1
8 11 1
10 11 1
9 12 1
8 15 1
